Model	scenario	demo	Replicate	log-likelihood	AIC	chi-squared	theta	optimized_params
SC_b	SC	B	Round_2_Replicate_12	-467.1584	948.3168	61.0736	82.5786	17.5421,31.9668,0.1403,9.2864,1.1594,2.797,0.748
SC_b	SC	B	Round_4_Replicate_12	-467.1586	948.3172	61.1048	81.4973	17.8218,32.3994,0.1394,9.4292,1.17,2.7606,0.7393
SC_b	SC	B	Round_4_Replicate_8	-467.1588	948.3176	61.1662	82.1931	17.6469,32.2172,0.1402,9.3408,1.1603,2.7897,0.7444
SC_b	SC	B	Round_4_Replicate_16	-467.1588	948.3176	61.1186	82.67	17.5376,31.9613,0.1404,9.2734,1.1534,2.805,0.7496
SC_b	SC	B	Round_4_Replicate_18	-467.1588	948.3176	61.0492	83.3844	17.39,31.6597,0.1394,9.2104,1.1456,2.8258,0.7572
IM_ae_b	IM	AEB	Round_4_Replicate_20	-466.74	949.48	59.4662	87.5758	14.9247,23.1923,26.9901,0.0082,5.357,0.8884,1.0153,3.0043
IM_ae_b	IM	AEB	Round_4_Replicate_4	-466.7434	949.4868	59.3974	95.3962	13.5653,21.655,25.6394,0.0071,4.8372,0.7925,1.0323,3.3946
SC_ae	SC	AE	Round_3_Replicate_13	-466.7448	949.4896	57.3513	58.5375	16.9097,20.7029,27.6554,8.8533,1.0941,0.1392,5.7736,1.2368
SC_ae	SC	AE	Round_4_Replicate_19	-466.7509	949.5018	57.4333	59.1026	16.7275,20.2875,27.329,8.7265,1.0954,0.1418,5.7709,1.2058
IM_ae_b	IM	AEB	Round_4_Replicate_18	-466.7591	949.5182	59.4604	115.2869	11.4881,17.6706,20.9432,0.0083,3.7924,0.6555,1.3105,4.0049
SC_ae	SC	AE	Round_4_Replicate_18	-466.7617	949.5234	57.4912	58.2943	17.0404,20.7098,27.9555,8.8895,1.0743,0.1571,5.2221,1.0751
SC_ae	SC	AE	Round_4_Replicate_12	-466.7652	949.5304	57.3807	67.2629	14.7419,17.9074,24.1497,7.5538,0.9585,0.1163,6.922,1.4355
SC_ae	SC	AE	Round_4_Replicate_1	-466.7704	949.5408	57.606	65.962	15.0273,18.6668,24.2247,7.7186,0.9714,0.1249,6.3636,1.478
SC_ae	SC	AE	Round_3_Replicate_14	-466.7917	949.5834	57.3281	75.6203	13.2023,15.8656,21.7843,6.612,0.8417,0.0968,8.2145,1.6207
SC_ae	SC	AE	Round_4_Replicate_10	-466.7932	949.5864	57.5	73.7788	13.4928,16.8683,21.6276,6.7986,0.854,0.1174,6.7756,1.5336
SC_ae	SC	AE	Round_4_Replicate_10	-466.7952	949.5904	57.1295	76.4004	12.9873,15.969,20.9895,6.5339,0.844,0.1012,7.7544,1.7589
SC_ae	SC	AE	Round_4_Replicate_4	-466.7982	949.5964	57.5311	79.3446	12.6042,15.3794,20.5031,6.242,0.7964,0.0986,8.067,1.6834
SC_ae_b	SC	AEB	Round_4_Replicate_2	-466.2788	950.5576	56.1179	71.2198	13.8842,20.0244,71.9677,0.757,6.9934,0.9269,0.1964,3.8648,1.582
SC_ae_b	SC	AEB	Round_4_Replicate_18	-466.3265	950.653	57.379	70.5208	15.0874,27.04,33.207,0.0828,6.7687,0.75,0.641,1.0574,2.3279
two_ep_b	two_ep	B	Round_4_Replicate_14	-466.766	951.532	59.5493	120.7612	16.7688,20.2136,0.0085,3.2915,0.6129,8.4357,96.7175,1.3741,4.237
IM_ae	IM	AE	Round_3_Replicate_10	-468.9675	951.935	65.4736	54.5177	18.2156,25.0479,29.3396,9.476,1.4074,2.022,0.3337
IM_ae	IM	AE	Round_3_Replicate_16	-468.9772	951.9544	65.5615	62.1218	16.0655,21.9686,25.8622,8.1858,1.2279,2.3212,0.3679
IM_ae	IM	AE	Round_4_Replicate_3	-468.9782	951.9564	65.501	61.9548	16.017,21.8739,25.9262,8.1982,1.2532,2.3281,0.3594
IM_ae	IM	AE	Round_3_Replicate_20	-468.9834	951.9668	65.5188	67.5277	14.8349,20.3834,23.7902,7.4561,1.1104,2.4858,0.4169
IM_ae	IM	AE	Round_4_Replicate_1	-468.9876	951.9752	65.5062	68.4942	14.6318,20.1698,23.3445,7.3492,1.0869,2.5004,0.4488
IM_ae	IM	AE	Round_4_Replicate_5	-468.9944	951.9888	65.5232	72.8371	13.8034,19.033,21.7769,6.8395,1.0261,2.6702,0.473
IM_ae	IM	AE	Round_4_Replicate_17	-468.9975	951.995	65.5656	75.7941	13.289,18.1353,21.1955,6.5061,0.9876,2.793,0.4583
IM_ae	IM	AE	Round_4_Replicate_20	-469.0044	952.0088	65.5539	73.5968	13.5362,18.2863,22.3249,6.7251,1.0503,2.8017,0.3676
IM_ae	IM	AE	Round_4_Replicate_12	-469.0075	952.015	65.5878	80.8038	12.3983,16.8141,19.9509,6.0185,0.9485,3.0237,0.4633
two_ep_b	two_ep	B	Round_3_Replicate_8	-467.0965	952.193	61.4602	86.0719	19.9811,26.4922,0.0224,5.1903,1.0898,0.0659,79.7244,1.6292,2.058
SC_ae_b	SC	AEB	Round_4_Replicate_13	-467.1219	952.2438	61.0712	250.2659	0.0078,5.744,10.6129,0.1407,1.6949,3.4283,0.3837,8.5286,2.2383
SC_ae_b	SC	AEB	Round_4_Replicate_6	-467.1221	952.2442	61.133	318.8686	0.0105,4.5271,8.2992,0.1395,1.3468,2.686,0.3011,10.8668,2.8604
SC_ae_b	SC	AEB	Round_4_Replicate_1	-467.1228	952.2456	61.0676	1738.5365	0.003,0.8293,1.5229,0.1398,8.682,0.491,0.0553,59.1184,15.5744
SC_ae_b	SC	AEB	Round_4_Replicate_6	-467.1251	952.2502	61.0927	285.0163	0.0245,5.0486,9.3362,0.1408,0.3915,2.9994,0.3367,9.7074,2.5288
SC_ae_b	SC	AEB	Round_4_Replicate_12	-467.128	952.256	61.0954	886.1016	0.019,1.6252,3.0049,0.1402,1.2771,0.9499,0.108,30.1587,7.9433
SC_b	SC	B	Round_3_Replicate_9	-469.622	953.244	67.4535	50.9673	23.2589,40.7859,0.7709,9.3776,2.4255,2.1981,0.0489
SC_b	SC	B	Round_4_Replicate_8	-469.646	953.292	67.5748	61.3032	19.4203,34.1797,0.7776,7.5816,2.0338,2.6459,0.0488
two_ep_ae	two_ep	AE	Round_3_Replicate_19	-466.7804	953.5608	57.3617	66.421	14.9888,18.1841,24.4051,7.6679,0.9684,0.1103,0.0549,0.0081,6.9478,1.504
two_ep_ae	two_ep	AE	Round_3_Replicate_9	-466.7922	953.5844	57.4992	70.4897	14.1553,16.7287,23.5643,7.1655,0.9261,0.0841,0.2323,0.0008,8.2661,1.8143
two_ep_ae	two_ep	AE	Round_4_Replicate_11	-466.8096	953.6192	57.4283	76.1401	13.0629,15.7196,21.4436,6.5485,0.8344,0.1141,0.0354,0.006,7.1085,1.3933
two_ep_ae_b	two_ep	AEB	Round_4_Replicate_7	-465.9749	953.9498	58.2881	527.2421	0.7347,3.0359,4.6083,0.0411,1.871,1.1526,0.1844,0.801,0.082,13.2402,9.0478
two_ep_ae	two_ep	AE	Round_4_Replicate_3	-467.0021	954.0042	58.2214	95.0464	10.6447,12.3501,17.5977,5.0267,0.7068,0.028,0.7159,0.0719,19.1226,4.3319
AM_ae	AM	AE	Round_4_Replicate_12	-469.0244	954.0488	65.5157	72.7575	13.7762,18.9899,22.0609,6.8477,1.0295,0.0019,2.7057,0.4516
AM_ae	AM	AE	Round_4_Replicate_18	-469.0278	954.0556	65.5402	81.2098	12.3491,17.0247,19.5285,6.018,0.9243,0.001,2.9849,0.5494
AM_ae	AM	AE	Round_4_Replicate_5	-469.0317	954.0634	65.7198	82.2067	12.2897,16.9698,19.3054,5.9218,0.8974,0.0011,3.0003,0.5622
SC_ae	SC	AE	Round_4_Replicate_12	-469.0454	954.0908	65.5037	98.6676	10.2493,14.0778,16.0434,4.7504,0.0105,0.7412,3.5604,0.6765
two_ep_ae_b	two_ep	AEB	Round_3_Replicate_1	-466.0461	954.0922	58.9646	975.6928	0.0566,1.6552,2.6665,0.0278,3.2695,1.3219,0.1011,1.4633,0.0067,23.9961,17.2923
AM_ae	AM	AE	Round_4_Replicate_14	-469.0969	954.1938	65.7204	105.6952	9.6655,13.1001,15.3394,4.3563,0.6905,0.0016,3.9444,0.6307
two_ep	two_ep	basic	Round_3_Replicate_11	-469.1015	954.203	66.5222	72.0024	23.2237,13.739,7.7909,0.1903,1.8998,0.0047,0.8263,3.682
two_ep	two_ep	basic	Round_4_Replicate_6	-469.1261	954.2522	66.3007	89.636	18.6785,11.1881,6.024,0.1579,2.426,0.0002,1.0137,4.4068
two_ep	two_ep	basic	Round_4_Replicate_4	-469.1367	954.2734	66.558	88.8754	18.7919,11.3274,6.0597,0.1771,2.4502,0.0006,1.2628,3.9701
two_ep_ae_b	two_ep	AEB	Round_2_Replicate_1	-466.169	954.338	58.9048	1104.5336	0.152,1.3706,2.1252,0.0784,1.5101,0.6747,0.0903,1.028,0.051,31.1746,15.3805
two_ep	two_ep	basic	Round_4_Replicate_20	-469.2805	954.561	67.013	86.6499	20.0555,11.3168,6.3264,0.108,2.3118,0.0276,0.021,6.1088
IM_b	IM	B	Round_4_Replicate_8	-471.6245	955.249	70.9171	66.482	18.273,26.2471,0.258,9.4734,2.911,0.0604
IM_b	IM	B	Round_4_Replicate_7	-471.6262	955.2524	70.8923	66.7479	18.2941,25.7594,0.2543,9.4301,2.9145,0.0818
IM_b	IM	B	Round_4_Replicate_17	-471.628	955.256	70.8458	71.0648	17.0814,24.4815,0.2651,8.7739,3.1121,0.0654
IM_b	IM	B	Round_4_Replicate_10	-471.6287	955.2574	70.9703	70.422	17.2825,24.477,0.2564,8.8735,3.0817,0.0873
IM_b	IM	B	Round_2_Replicate_12	-471.6298	955.2596	70.8384	75.871	16.0507,22.8463,0.2639,8.157,3.3162,0.079
IM_b	IM	B	Round_4_Replicate_6	-471.6299	955.2598	70.842	72.7688	16.7525,24.0189,0.2607,8.5835,3.1877,0.0616
IM_b	IM	B	Round_4_Replicate_3	-471.6312	955.2624	70.9785	65.7891	18.5414,26.706,0.2607,9.5812,2.8836,0.0452
IM_b	IM	B	Round_4_Replicate_8	-471.6319	955.2638	70.8763	76.4566	15.9486,22.7393,0.2601,8.0958,3.3328,0.0793
AM_ae	AM	AE	Round_4_Replicate_17	-469.6731	955.3462	66.4985	93.4035	10.9351,13.769,19.9509,5.0599,0.8064,0.0012,3.8644,0.0016
AM_ae_b	AM	AEB	Round_4_Replicate_17	-469.1925	956.385	66.1954	73.807	13.6183,20.1014,52.3708,0.9878,6.7348,0.992,0.0117,2.6968,0.7435
AM_ae_b	AM	AEB	Round_4_Replicate_17	-469.2135	956.427	65.9	92.4725	10.993,16.1826,68.1412,0.9949,5.1619,0.7723,0.0117,3.3979,0.8484
AM_ae_b	AM	AEB	Round_4_Replicate_2	-469.2976	956.5952	66.0939	120.9921	8.5743,12.3384,86.7709,0.9977,3.6543,0.5834,0.0116,4.5934,1.051
two_ep_b	two_ep	B	Round_2_Replicate_5	-469.5208	957.0416	66.4727	116.4738	10.6094,18.1291,0.4756,2.3607,2.008,0.4471,3.4984,4.8438,0.0115
two_ep_b	two_ep	B	Round_2_Replicate_2	-469.5415	957.083	66.5665	88.0325	13.9528,24.0117,0.4647,3.373,2.7497,0.6066,2.4988,3.6678,0.0
SC_ae_b	SC	AEB	Round_4_Replicate_4	-469.6	957.2	67.5041	3260.097	0.0095,0.3613,0.6454,0.7805,0.2328,0.1543,0.0369,141.6655,2.8551
SC_ae_b	SC	AEB	Round_4_Replicate_6	-469.6085	957.217	67.2798	4619.1603	0.0024,0.2573,0.4589,0.7692,2.7126,0.1114,0.0284,198.736,2.8423
AM_ae	AM	AE	Round_4_Replicate_4	-470.6115	957.223	69.9573	126.099	8.4562,14.4403,11.9255,3.5331,0.4395,0.0406,6.4823,2.331
two_ep	two_ep	basic	Round_4_Replicate_14	-470.6787	957.3574	68.6001	162.0934	6.7565,11.3544,2.3914,0.4364,0.002,199.7331,7.1917,0.2487
two_ep	two_ep	basic	Round_4_Replicate_18	-470.6872	957.3744	68.6286	169.4857	6.4957,10.7696,2.2301,0.4183,0.0128,199.1508,7.5124,0.2766
two_ep	two_ep	basic	Round_4_Replicate_19	-470.7064	957.4128	68.6449	168.44	6.5119,10.8584,2.2548,0.4203,0.1593,196.5046,7.5037,0.2722
two_ep_ae_b	two_ep	AEB	Round_1_Replicate_20	-467.866	957.732	62.6627	140.4727	2.4362,11.5223,13.4601,0.0864,0.5111,2.2935,0.7298,0.3364,5.2435,3.3253,2.4378
two_ep_ae	two_ep	AE	Round_4_Replicate_1	-468.9957	957.9914	65.6164	78.8652	11.8253,17.8407,21.5393,5.8857,0.5344,0.6788,9.3157,196.7498,2.8607,0.3665
two_ep_ae	two_ep	AE	Round_3_Replicate_18	-469.0074	958.0148	65.4372	68.2846	14.7019,20.4022,23.4658,7.3774,1.0826,0.0011,2.4889,0.4358,0.0072,0.0083
IM_b	IM	B	Round_4_Replicate_14	-473.0144	958.0288	73.1976	317.3958	3.8291,5.4236,0.0099,4.3734,13.5833,1.1515
IM_b	IM	B	Round_4_Replicate_14	-473.0144	958.0288	73.1672	1445.8925	0.8432,1.1857,0.0076,1.0111,61.7574,5.3557
SC_ae_b	SC	AEB	Round_1_Replicate_6	-470.5089	959.0178	68.6482	115.9982	2.4854,10.0988,18.6591,0.7972,0.3494,3.3434,0.9242,4.7666,0.1107
two_ep_ae_b	two_ep	AEB	Round_2_Replicate_6	-468.5098	959.0196	64.6241	108.847	24.554,12.42,17.2914,0.2638,0.2533,2.8598,1.6275,0.1074,32.3149,3.7902,0.836
IM_ae_b	IM	AEB	Round_3_Replicate_9	-471.6012	959.2024	70.7761	410.0291	0.0097,2.9653,4.2283,0.2116,9.9,1.7102,17.9123,0.4189
IM_ae_b	IM	AEB	Round_3_Replicate_18	-471.6017	959.2034	70.7741	530.7765	0.0057,2.3005,3.2526,0.2076,1.0907,1.326,23.1845,0.595
IM_ae_b	IM	AEB	Round_4_Replicate_3	-471.6021	959.2042	70.8161	493.0767	0.015,2.4585,3.5302,0.213,0.6154,1.4175,21.6328,0.4792
IM_ae_b	IM	AEB	Round_4_Replicate_15	-471.6043	959.2086	70.8487	875.2198	0.0055,1.3909,1.9973,0.2081,8.5727,0.8028,38.261,0.7918
IM_ae_b	IM	AEB	Round_4_Replicate_19	-471.6049	959.2098	70.6383	1353.8947	0.0116,0.8961,1.2766,0.2178,6.593,0.51,59.1061,1.4668
IM_ae_b	IM	AEB	Round_4_Replicate_9	-471.6105	959.221	70.882	2219.4725	0.0162,0.5499,0.7822,0.2238,0.9405,0.3016,96.7967,2.4577
AM_ae_b	AM	AEB	Round_4_Replicate_9	-470.9051	959.8102	70.1349	135.0492	7.4043,16.9287,99.5557,0.2495,3.1389,0.4678,0.0797,12.4223,20.9686
SC_b	SC	B	Round_4_Replicate_5	-473.0142	960.0284	73.1721	2146.903	0.5652,0.8014,0.0054,1.0297,0.725,91.9023,7.8332
AM_b	AM	B	Round_4_Replicate_18	-473.0618	960.1236	73.8628	220.4195	12.1517,98.2357,0.3969,1.5913,0.0679,22.4133,2.7094
AM_b	AM	B	Round_2_Replicate_3	-473.0891	960.1782	73.1457	224.2701	11.9365,93.5377,0.3866,1.5484,0.0668,22.067,2.9851
AM_b	AM	B	Round_4_Replicate_1	-473.099	960.198	72.5334	217.5876	11.7955,98.2639,0.4069,1.6608,0.0662,20.3593,2.5351
AM_b	AM	B	Round_3_Replicate_11	-473.3387	960.6774	73.8618	219.8589	10.7883,96.8551,0.5322,1.6393,0.0571,16.9584,0.338
IM_ae	IM	AE	Round_4_Replicate_19	-473.4386	960.8772	76.9286	63.5251	15.7286,38.4392,8.6457,8.0042,1.177,0.0001,4.9366
AM_b	AM	B	Round_2_Replicate_3	-473.5081	961.0162	74.3017	209.1363	11.491,98.5914,0.5346,1.7993,0.0598,16.0057,0.0747
AM_b	AM	B	Round_2_Replicate_8	-473.5345	961.069	73.9699	219.3238	10.325,94.9062,0.5802,1.6584,0.0547,16.4019,0.0003
SC_b	SC	B	Round_4_Replicate_5	-473.5417	961.0834	73.6203	1455.0209	0.8051,1.3476,0.0016,3.4737,1.3824,64.5793,0.0147
SI_ae	SI	AE	Round_3_Replicate_1	-475.5583	961.1166	79.7901	219.5235	6.1324,19.7427,10.5196,1.6039,0.1036
SI_ae	SI	AE	Round_4_Replicate_7	-475.5584	961.1168	79.8134	219.9115	6.1263,19.7643,10.4727,1.5985,0.1032
SI_ae	SI	AE	Round_4_Replicate_17	-475.5584	961.1168	79.8138	219.9628	6.1288,19.6901,10.4699,1.5973,0.1031
SI_ae	SI	AE	Round_3_Replicate_11	-475.5586	961.1172	79.789	219.6648	6.128,19.7495,10.5103,1.6032,0.1034
SI_ae	SI	AE	Round_4_Replicate_1	-475.5591	961.1182	79.7372	220.1978	6.1194,19.7085,10.4318,1.5948,0.1032
SI_ae	SI	AE	Round_3_Replicate_15	-475.5594	961.1188	79.8252	219.3654	6.1409,19.785,10.4961,1.6058,0.1034
SI_ae	SI	AE	Round_2_Replicate_10	-475.5594	961.1188	79.8623	219.4024	6.1375,19.7796,10.5361,1.6051,0.1035
SI_ae	SI	AE	Round_2_Replicate_8	-475.5597	961.1194	79.8405	219.8208	6.1261,19.7549,10.5154,1.599,0.1034
SI_ae	SI	AE	Round_4_Replicate_9	-475.5597	961.1194	79.8197	220.0805	6.1264,19.7079,10.4533,1.5956,0.103
SI_ae	SI	AE	Round_4_Replicate_17	-475.5598	961.1196	79.8648	219.9801	6.1304,19.6623,10.4891,1.597,0.103
AM_ae	AM	AE	Round_3_Replicate_12	-472.6635	961.327	74.9029	53.8914	18.2719,43.0213,19.6727,9.5535,1.3364,0.1613,0.0,14.5562
two_ep_ae	two_ep	AE	Round_4_Replicate_2	-470.6837	961.3674	68.6089	165.1252	2.0488,6.675,11.053,0.2607,2.1738,0.4279,0.0469,192.688,7.3323,0.2643
AM_ae	AM	AE	Round_2_Replicate_8	-472.7044	961.4088	75.1499	78.4819	12.6522,29.7745,13.5978,6.2143,0.9018,0.1128,0.0,22.8172
two_ep_ae	two_ep	AE	Round_4_Replicate_19	-470.7257	961.4514	68.7583	301.9957	0.5219,3.606,6.0527,4.1574,1.3043,0.2306,0.1283,195.8426,13.4118,0.5588
two_ep_ae	two_ep	AE	Round_4_Replicate_1	-470.9122	961.8244	68.5443	773.7112	0.1962,1.4442,2.3525,0.5979,0.4778,0.0808,0.0313,195.9698,33.4692,0.9938
two_ep_ae	two_ep	AE	Round_2_Replicate_9	-470.9303	961.8606	68.5784	457.7933	0.3437,2.3634,4.0874,4.5641,0.8589,0.1537,0.2336,198.5237,20.4686,0.0038
SI_ae_b	SI	AEB	Round_3_Replicate_7	-474.931	961.862	77.7809	223.4263	6.0973,20.0835,99.335,0.1185,1.5551,0.0978
SI_ae_b	SI	AEB	Round_3_Replicate_11	-474.9312	961.8624	77.6479	223.0034	6.1103,19.9786,99.3741,0.1186,1.5608,0.0979
SI_ae_b	SI	AEB	Round_2_Replicate_8	-474.932	961.864	77.5166	223.1277	6.1034,19.9558,99.3044,0.1182,1.5586,0.0982
SI_ae_b	SI	AEB	Round_2_Replicate_4	-474.9324	961.8648	77.7695	222.2839	6.1225,20.2614,98.3783,0.1183,1.5676,0.0986
SI_ae_b	SI	AEB	Round_4_Replicate_18	-474.9328	961.8656	77.4956	223.2774	6.0919,19.8919,99.2447,0.1194,1.5581,0.0984
SI_ae_b	SI	AEB	Round_4_Replicate_17	-474.933	961.866	77.5935	223.5557	6.0912,19.9362,98.6425,0.1189,1.5559,0.0978
SI_ae_b	SI	AEB	Round_3_Replicate_3	-474.9338	961.8676	77.699	224.4841	6.0831,19.8345,98.9401,0.1185,1.5407,0.0971
SI_ae_b	SI	AEB	Round_4_Replicate_10	-474.9341	961.8682	77.4684	222.1599	6.1101,19.982,98.788,0.1202,1.5759,0.0989
SI_ae_b	SI	AEB	Round_3_Replicate_18	-474.9346	961.8692	77.5709	223.1517	6.115,19.8324,99.676,0.1185,1.5559,0.0979
SI_ae_b	SI	AEB	Round_2_Replicate_16	-474.9347	961.8694	77.6025	224.3003	6.0843,19.8392,98.7187,0.1182,1.545,0.0971
AM_ae_b	AM	AEB	Round_4_Replicate_14	-472.2595	962.519	73.3735	103.0562	9.8756,22.903,98.4786,0.1728,4.4704,0.6655,0.0783,0.0,26.0687
two_ep_b	two_ep	B	Round_1_Replicate_15	-472.4396	962.8792	71.0458	323.5792	4.3554,3.8451,0.0932,1.8781,0.6539,1.2099,0.0744,8.5149,7.3908
AM_ae_b	AM	AEB	Round_3_Replicate_11	-472.4648	962.9296	71.9967	2726.2043	0.0746,0.8379,84.2284,0.4866,0.4429,0.1372,0.0045,192.0037,15.1416
two_ep_b	two_ep	B	Round_1_Replicate_17	-472.6524	963.3048	70.3934	175.7666	8.0127,9.1457,0.2036,2.3206,0.79,0.0814,0.0514,5.5637,2.3578
AM_ae_b	AM	AEB	Round_4_Replicate_17	-472.8487	963.6974	73.1883	2948.394	0.0697,0.7395,91.0292,0.5867,1.1088,0.13,0.0038,194.0369,0.2467
two_ep_ae_b	two_ep	AEB	Round_1_Replicate_19	-470.8565	963.713	70.9419	576.9964	0.2816,2.1209,3.0002,0.5002,4.9021,0.4394,0.3737,0.2776,0.7554,25.1527,3.0257
two_ep_b	two_ep	B	Round_2_Replicate_6	-473.0171	964.0342	73.1912	1533.2698	0.7982,1.1115,0.017,0.1157,0.8041,0.3537,0.1654,65.3642,5.9068
AM_ae_b	AM	AEB	Round_2_Replicate_17	-473.2527	964.5054	74.3615	210.0554	94.5929,11.6881,99.4245,0.4645,0.1517,1.5426,0.0644,17.8097,1.4046
two_ep_b	two_ep	B	Round_1_Replicate_19	-473.2829	964.5658	73.0837	209.9847	5.0201,8.8664,0.6411,0.418,1.568,0.2627,0.1044,9.498,0.209
two_ep_b	two_ep	B	Round_1_Replicate_10	-473.5429	965.0858	73.739	2266.1442	0.5199,0.8615,0.0324,2.8165,0.5028,1.1049,112.0529,100.8996,0.2709
two_ep_ae_b	two_ep	AEB	Round_1_Replicate_15	-471.6661	965.3322	70.2462	281.2326	0.048,4.2158,6.353,0.2323,5.134,0.0091,2.4588,0.191,3.0832,12.2745,0.072
two_ep_ae_b	two_ep	AEB	Round_2_Replicate_4	-471.6663	965.3326	70.7194	198.5734	0.1449,6.0586,9.0278,0.2505,0.9757,0.016,3.3663,0.1183,6.1016,8.695,0.0168
IM_ae_b	IM	AEB	Round_4_Replicate_2	-474.931	965.862	77.5325	223.1321	6.0962,19.8843,97.904,0.1202,1.5618,0.0982,0.0029,0.0
AM_ae	AM	AE	Round_3_Replicate_5	-475.5584	967.1168	79.8755	219.9181	6.1292,19.7424,10.4924,1.598,0.0586,0.0445,0.0,0.0001
two_ep_b	two_ep	B	Round_1_Replicate_3	-474.8987	967.7974	79.7174	1534.6328	0.7655,1.3,0.0243,0.7715,0.7991,1.1885,0.4099,78.0437,0.0342
AM_ae_b	AM	AEB	Round_4_Replicate_7	-474.9333	967.8666	77.5901	223.5894	6.0862,19.9454,99.6695,0.1287,1.5541,0.0022,0.0959,0.003,0.0024
IM	IM	basic	Round_4_Replicate_6	-479.2435	968.487	84.9169	251.1646	4.8708,5.7976,1.3081,11.4131,0.0001
IM	IM	basic	Round_3_Replicate_20	-479.2435	968.487	84.8921	251.4171	4.8602,5.7934,1.3057,11.4252,0.0
IM	IM	basic	Round_3_Replicate_8	-479.2435	968.487	84.9048	251.1931	4.8672,5.7971,1.308,11.4155,0.0001
IM	IM	basic	Round_3_Replicate_17	-479.2435	968.487	84.8933	251.3819	4.8603,5.7941,1.3061,11.4252,0.0
IM	IM	basic	Round_4_Replicate_11	-479.2435	968.487	84.9345	251.3332	4.8623,5.7971,1.3061,11.4322,0.0
IM	IM	basic	Round_3_Replicate_5	-479.2435	968.487	84.903	251.2047	4.8655,5.7978,1.3074,11.4112,0.0001
IM	IM	basic	Round_3_Replicate_6	-479.2436	968.4872	84.9103	251.2791	4.8707,5.7941,1.3075,11.4208,0.0001
IM	IM	basic	Round_3_Replicate_11	-479.2436	968.4872	84.9263	251.2195	4.8693,5.7973,1.3073,11.4179,0.0002
IM	IM	basic	Round_4_Replicate_11	-479.2436	968.4872	84.9128	251.4879	4.8606,5.7932,1.3046,11.4297,0.0
IM	IM	basic	Round_4_Replicate_4	-479.2438	968.4876	84.8792	251.7163	4.8558,5.7865,1.3033,11.4422,0.0001
two_ep_ae_b	two_ep	AEB	Round_1_Replicate_9	-473.4589	968.9178	73.3842	379.2442	0.2138,3.0938,5.146,0.103,4.8684,0.0022,2.1428,1.7642,0.5396,16.8099,0.0158
AM	AM	basic	Round_3_Replicate_13	-478.8752	969.7504	83.9524	248.6202	6.4588,5.8594,1.3162,0.0181,15.0034,24.8034
AM	AM	basic	Round_3_Replicate_18	-478.8753	969.7506	83.9559	248.6028	6.4756,5.8587,1.3166,0.0182,15.0284,0.1525
AM	AM	basic	Round_3_Replicate_7	-478.8754	969.7508	83.9845	248.7537	6.4637,5.8566,1.3151,0.0181,15.0196,0.131
AM	AM	basic	Round_3_Replicate_7	-478.8755	969.751	83.9425	248.8056	6.4374,5.8543,1.3152,0.0179,14.9741,4.3734
AM	AM	basic	Round_4_Replicate_6	-478.8755	969.751	83.94	248.9514	6.4461,5.8529,1.3132,0.0181,15.0247,8.413
AM	AM	basic	Round_4_Replicate_7	-478.8755	969.751	83.9769	248.8755	6.4337,5.8539,1.3144,0.0178,14.9691,0.2362
AM	AM	basic	Round_3_Replicate_9	-478.8756	969.7512	83.9643	248.8948	6.4538,5.8532,1.3146,0.0181,15.0465,1.2398
AM	AM	basic	Round_3_Replicate_7	-478.8757	969.7514	83.9066	249.0095	6.4559,5.8512,1.3128,0.0182,15.0707,0.1111
AM	AM	basic	Round_2_Replicate_2	-478.8757	969.7514	83.9129	248.9812	6.4363,5.8507,1.3135,0.018,15.0012,0.5926
AM	AM	basic	Round_4_Replicate_13	-478.8757	969.7514	83.9524	249.0418	6.425,5.8496,1.3129,0.0178,14.9585,1.3151
SC	SC	basic	Round_3_Replicate_4	-479.2435	970.487	84.9015	251.2779	4.8657,5.7952,0.2885,1.0188,11.4207,0.0
SC	SC	basic	Round_2_Replicate_2	-479.2435	970.487	84.9022	251.4209	4.8569,5.7943,0.1761,1.1297,11.4366,0.0
SC	SC	basic	Round_4_Replicate_4	-479.2435	970.487	84.9373	251.2757	4.8629,5.7982,0.088,1.2187,11.4311,0.0001
SC	SC	basic	Round_3_Replicate_9	-479.2435	970.487	84.9142	251.2171	4.8656,5.7973,0.0445,1.2632,11.4223,0.0001
SC	SC	basic	Round_3_Replicate_1	-479.2436	970.4872	84.9084	251.3875	4.8683,5.7925,0.0056,1.3006,11.4235,0.0
SC	SC	basic	Round_3_Replicate_3	-479.2436	970.4872	84.8922	251.2834	4.8686,5.7939,0.2135,1.0938,11.4139,0.0001
SC	SC	basic	Round_4_Replicate_10	-479.2436	970.4872	84.8907	251.3013	4.8693,5.7935,0.2185,1.0884,11.4102,0.0002
SC	SC	basic	Round_3_Replicate_4	-479.2436	970.4872	84.9156	251.1759	4.8658,5.7981,0.2021,1.106,11.4207,0.0003
SC	SC	basic	Round_3_Replicate_2	-479.2436	970.4872	84.8804	251.3171	4.8611,5.7944,0.2965,1.0104,11.4199,0.0002
SC	SC	basic	Round_4_Replicate_2	-479.2437	970.4874	84.9029	251.1797	4.8685,5.7966,0.1587,1.1494,11.4125,0.0005
SC_b	SC	B	Round_1_Replicate_23	-478.7862	971.5724	77.8724	279.6935	4.6932,5.3907,0.1538,0.7564,0.6606,6.8871,4.5474
two_ep	two_ep	basic	Round_4_Replicate_8	-478.0402	972.0804	81.273	250.0726	6.425,5.8431,1.1738,0.1459,152.3172,0.0,8.7581,0.0
AM_ae	AM	AE	Round_4_Replicate_8	-478.8788	973.7576	83.9895	3031.5856	0.082,0.5368,0.4807,1.1092,0.1077,0.0015,184.4879,0.0039
two_ep	two_ep	basic	Round_3_Replicate_3	-479.2435	974.487	84.9135	251.2493	4.8696,5.7961,0.0118,1.2953,0.3358,0.1249,11.4137,0.0
two_ep	two_ep	basic	Round_3_Replicate_17	-479.2435	974.487	84.9049	251.3144	4.8672,5.7941,0.0312,1.2757,0.2466,0.3675,11.4225,0.0
AM_b	AM	B	Round_4_Replicate_3	-489.199	992.398	104.2934	285.0294	6.1305,96.1356,0.1886,0.9402,0.0388,0.0005,197.6823
AM_b	AM	B	Round_4_Replicate_5	-489.2018	992.4036	104.292	285.0165	6.138,99.8254,0.1864,0.9379,0.0389,0.0231,197.3926
AM_b	AM	B	Round_2_Replicate_1	-489.2518	992.5036	103.5677	287.8095	6.0703,92.5779,0.1872,0.9233,0.039,0.0221,196.0896
AM_b	AM	B	Round_4_Replicate_15	-489.3773	992.7546	103.8972	286.5025	6.1042,98.1183,0.1973,0.9279,0.0374,0.0371,129.8989
AM_ae_b	AM	AEB	Round_4_Replicate_2	-489.5513	997.1026	104.5065	750.1855	0.3823,2.3267,61.5718,0.207,9.9,0.3579,0.0121,0.0147,199.7023
two_ep_ae_b	two_ep	AEB	Round_1_Replicate_3	-491.2568	1004.5136	128.818	808.4	0.3899,1.3455,2.0183,0.0013,0.6024,2.9502,2.2259,6.7055,0.1483,71.9422,14.7201
SI	SI	basic	Round_2_Replicate_3	-742.306	1490.612	597.572	612.9039	7.9455,7.4825,0.0747
SI	SI	basic	Round_2_Replicate_7	-742.306	1490.612	597.5535	612.9048	7.9419,7.4914,0.0747
SI	SI	basic	Round_2_Replicate_9	-742.306	1490.612	597.5843	612.8855	7.9417,7.4862,0.0747
SI	SI	basic	Round_3_Replicate_1	-742.306	1490.612	597.5689	612.9103	7.9445,7.4815,0.0747
SI	SI	basic	Round_2_Replicate_15	-742.306	1490.612	597.5551	612.912	7.9407,7.488,0.0747
SI	SI	basic	Round_2_Replicate_7	-742.306	1490.612	597.5688	612.9057	7.9421,7.4843,0.0747
SI	SI	basic	Round_3_Replicate_15	-742.306	1490.612	597.5629	612.9165	7.9405,7.4829,0.0747
SI	SI	basic	Round_2_Replicate_8	-742.306	1490.612	597.5916	612.882	7.9388,7.4855,0.0747
SI	SI	basic	Round_3_Replicate_9	-742.306	1490.612	597.5996	612.8651	7.9382,7.4893,0.0747
SI	SI	basic	Round_3_Replicate_15	-742.306	1490.612	597.5651	612.9079	7.9411,7.4853,0.0747
SI_b	SI	B	Round_4_Replicate_16	-741.9603	1491.9206	595.7831	615.3368	8.1513,5.9961,0.9834,0.0739
SI_b	SI	B	Round_2_Replicate_4	-741.9728	1491.9456	595.6755	615.1276	8.1066,6.2577,0.9841,0.0739
SI_b	SI	B	Round_2_Replicate_2	-741.9818	1491.9636	594.7497	616.2599	8.1092,6.1305,0.9873,0.0735
SI_b	SI	B	Round_4_Replicate_12	-741.9882	1491.9764	597.2559	612.9646	8.1463,6.5979,0.9836,0.0746
SI_b	SI	B	Round_4_Replicate_11	-742.0013	1492.0026	597.9632	611.7944	8.3747,6.6374,0.9871,0.0749
SI_b	SI	B	Round_2_Replicate_14	-742.0247	1492.0494	595.8477	615.8959	8.6651,5.2676,0.9783,0.0734
SI_b	SI	B	Round_4_Replicate_4	-742.0503	1492.1006	599.5607	611.3874	8.4689,6.0478,0.9457,0.0752
SI_b	SI	B	Round_3_Replicate_3	-742.0558	1492.1116	592.9754	618.157	8.2468,6.0546,0.9855,0.0725
SI_b	SI	B	Round_4_Replicate_2	-742.0596	1492.1192	601.0396	610.7691	8.312,5.572,0.9834,0.0758
SI_b	SI	B	Round_1_Replicate_11	-742.0808	1492.1616	596.1635	613.6601	8.437,6.726,0.9855,0.074
